0.000000
0.000000
0.000000
0.000000
0.000000
0.000000
0.000000
0.000000

0.000000
0.000000
0.000000
0.245210
0.243002
0.000000
0.000000
0.000000

0.000000
0.000000
0.000458
0.239384
0.304204
0.317711
0.115962
0.000000

0.000000
0.000000
0.000000
0.000000
0.160404
0.183858
0.086787
0.000000

0.000000
0.000000
0.000000
0.000000
0.100222
0.000000
0.000000
0.000000

0.000000
0.000000
0.000000
0.000000
0.000000
0.000000
0.000000
0.000000

0.000000
0.000000
0.000000
0.000000
0.031394
0.405752
0.208032
0.000000

0.000000
0.000000
0.000000
0.000000
0.000000
0.000000
0.000000
0.000000


0.000000
0.000000
0.106414
0.840377
0.303434
0.000000
0.000000
0.000000

0.000000
0.000000
0.000000
0.000000
0.000000
0.000000
0.860465
0.000000

0.000000
0.000000
0.824006
0.398681
0.000000
0.000000
0.000000
0.143179

0.000000
0.000000
0.000000
0.141245
0.000000
0.000000
0.000000
0.059770

0.000000
0.000000
0.000000
0.112094
0.000000
0.000000
0.000000
0.000000

0.000000
0.325493
0.000000
0.299489
0.000000
0.898645
0.704588
0.322624

0.000000
0.000000
0.000000
0.000000
0.000000
0.000000
0.000000
0.000000

0.000000
0.000000
0.000000
0.000000
0.000000
0.000000
0.000000
0.000000


0.162387
0.011784
0.026073
0.000000
0.000000
0.023977
0.136685
0.020151

0.251158
0.194370
0.178988
0.170413
0.000000
0.000000
0.019870
0.264765

0.146873
0.313881
0.000000
0.551134
0.391471
0.133097
0.194661
0.168692

0.125373
0.319824
0.000000
0.257078
0.708613
0.272916
0.285615
0.000000

0.082826
0.528814
0.006235
0.363340
0.358986
0.382391
0.274538
0.000000

0.000000
0.000000
0.000000
0.647455
0.030160
0.123380
0.262490
0.133730

0.136917
0.321242
0.000000
0.000000
0.316470
0.482526
0.400582
0.034186

0.053943
0.000000
0.000000
0.000000
0.169278
0.189741
0.149781
0.105736


0.000000
0.091091
0.000000
0.000000
0.000000
0.000000
0.155340
0.422903

0.000000
0.000000
0.344370
0.383818
0.038860
0.275893
0.158897
0.138795

0.000000
0.000000
0.347242
0.160123
0.000000
0.345850
0.282798
0.000000

0.000000
0.000000
0.275238
0.522235
0.000000
0.000000
0.000000
0.000000

0.000000
0.000000
0.000000
0.119971
0.001755
0.547116
0.131738
0.187626

0.000000
0.000000
0.000000
0.000000
0.000000
0.000000
0.000000
0.000000

0.000000
0.000000
0.000000
0.000000
0.000000
0.000000
0.000000
0.078195

0.000000
0.000000
0.000000
0.000000
0.000000
0.000000
0.000000
0.062463


0.000000
0.000000
0.000000
0.000000
0.000000
0.000000
0.000000
0.000000

0.000000
0.000000
0.000000
0.329440
0.119507
0.181142
0.059045
0.049170

0.000000
0.000000
0.000000
0.403205
0.735776
0.161016
0.240285
0.000000

0.000000
0.000000
0.000000
0.000000
0.673579
0.324076
0.259659
0.000000

0.000000
0.000000
0.000000
0.000000
0.139360
0.264269
0.000000
0.000000

0.000000
0.000000
0.000000
0.000000
0.031590
0.000000
0.000000
0.000000

0.000000
0.000000
0.000000
0.000000
0.000000
0.463418
0.194127
0.000000

0.000000
0.000000
0.000000
0.000000
0.000000
0.000000
0.000000
0.000000


0.000000
0.000000
0.108290
0.055343
0.211521
0.000000
0.000000
0.000000

0.000000
0.000000
0.000000
0.000000
0.000000
0.000000
0.000000
0.000000

0.000000
0.000000
0.000000
0.000000
0.000000
0.000000
0.000000
0.000000

0.000000
0.000000
0.077983
0.000000
0.000000
0.000000
0.000000
0.000000

0.291753
0.000000
0.000000
0.000000
0.000000
0.000000
0.000000
0.000000

0.000000
0.000000
0.000000
0.000000
0.000000
0.000000
0.044742
0.614882

0.000000
0.000000
0.000000
0.000000
0.000000
0.000000
0.000000
0.000000

0.000000
0.000000
0.000000
0.000000
0.000000
0.000000
0.000000
0.000000


0.000000
0.000000
0.000000
0.000000
0.000000
0.000000
0.000000
0.000000

0.000000
0.000000
0.000000
0.000000
0.000000
0.000000
0.000000
0.000000

0.000000
0.000000
0.161363
0.000000
0.000000
0.000000
0.000000
0.000000

0.000000
0.000000
0.178921
0.000000
0.000000
0.000000
0.000000
0.000000

0.000000
0.050193
0.278490
0.000000
0.233804
0.000000
0.000000
0.000000

0.067258
0.000000
0.000000
0.000000
0.000000
0.000000
0.000000
0.000000

0.000000
0.000000
0.599281
0.490043
0.000000
0.000000
0.000000
0.000000

0.000000
0.000000
0.000000
0.000000
0.000000
0.000000
0.000000
0.000000


0.020684
0.000000
0.000000
0.000000
0.000000
0.000000
0.000000
0.000000

0.000000
0.000000
0.000000
0.000000
0.000000
0.000000
0.000000
0.000000

0.052866
0.000000
0.000000
0.000000
0.000000
0.000000
0.000000
0.000000

0.258735
0.000000
0.000000
0.000000
0.000000
0.000000
0.000000
0.000000

0.231693
0.000000
0.000000
0.000000
0.000000
0.000000
0.000000
0.000000

0.033320
0.000000
0.000000
0.000000
0.000000
0.000000
0.000000
0.000000

0.000000
0.000000
0.000000
0.000000
0.000000
0.000000
0.000000
0.000000

0.163503
0.043962
0.000000
0.000000
0.000000
0.034292
0.000000
0.162182


0.000000
0.000000
0.000000
0.000000
0.000000
0.000000
0.000000
0.000000

0.084650
0.057908
0.000000
0.000000
0.000000
0.000000
0.076589
0.000000

0.000000
0.008436
0.000000
0.000000
0.000000
0.000000
0.000000
0.000000

0.000000
0.000000
0.000000
0.328662
0.000000
0.000000
0.000000
0.000000

0.000000
0.000000
0.000000
0.433480
0.000000
0.000000
0.000000
0.000000

0.000000
0.000000
0.000000
0.000000
0.000000
0.000000
0.000000
0.000000

0.000000
0.000000
0.000000
0.000000
0.000000
0.000000
0.000000
0.000000

0.000000
0.000000
0.000000
0.000000
0.000000
0.000000
0.000000
0.000000


0.000000
0.000000
0.000000
0.000000
0.000000
0.000000
0.000000
0.000000

0.000000
0.000000
0.000000
0.000000
0.000000
0.000000
0.000000
0.000000

0.000000
0.000000
0.000000
0.000000
0.000000
0.000000
0.000000
0.000000

0.000000
0.000000
0.000000
0.000000
0.000000
0.000000
0.000000
0.000000

0.000000
0.000000
0.000000
0.000000
0.000000
0.000000
0.000000
0.000000

0.000000
0.000000
0.000000
0.000000
0.000000
0.000000
0.000000
0.000000

0.000000
0.000000
0.000000
0.000000
0.000000
0.000000
0.000000
0.000000

0.000000
0.000000
0.000000
0.000000
0.000000
0.000000
0.000000
0.000000


0.080194
0.000000
0.000000
0.000000
0.000000
0.000000
0.000000
0.000000

0.176006
0.013202
0.009514
0.000000
0.023892
0.000000
0.000000
0.172528

0.159315
0.000000
0.000000
0.059978
0.247555
0.113803
0.130561
0.144904

0.160062
0.000000
0.000000
0.000000
0.199985
0.230354
0.236338
0.134771

0.000000
0.000000
0.000000
0.000000
0.000000
0.075640
0.066927
0.000929

0.000000
0.067449
0.000000
0.000000
0.266461
0.065931
0.000000
0.000000

0.000000
0.062017
0.000000
0.000000
0.201326
0.243805
0.237838
0.183727

0.069767
0.073291
0.000000
0.000000
0.183792
0.261112
0.271733
0.259457


0.000000
0.000000
0.000000
0.198488
0.000000
0.000000
0.000000
0.000000

0.000000
0.428664
0.242043
0.096458
0.287908
0.619906
0.531296
0.122294

0.000000
0.016398
0.133882
0.000000
0.096567
0.142743
0.135726
0.280997

0.000000
0.000000
0.000000
0.000000
0.126141
0.250824
0.092171
0.601713

0.000000
0.000000
0.000000
0.000000
0.343903
0.000000
0.000000
0.000000

0.000000
0.000000
0.000000
0.000000
0.000000
0.000000
0.000000
0.000000

0.000000
0.000000
0.059758
0.000000
0.000000
0.000000
0.000000
0.172401

0.000000
0.000000
0.107664
0.000000
0.000000
0.000000
0.000000
0.000000


0.000000
0.000000
0.000000
0.000000
0.000000
0.000000
0.000000
0.000000

0.000000
0.000000
0.000000
0.000000
0.000000
0.008565
0.000000
0.000000

0.000000
0.000000
0.000000
0.000000
0.000000
0.000000
0.000000
0.000000

0.000000
0.000000
0.000000
0.000000
0.000000
0.000000
0.000000
0.000000

0.000000
0.000000
0.000000
0.000000
0.000000
0.000000
0.000000
0.000000

0.000000
0.000000
0.000000
0.000000
0.000000
0.000000
0.000000
0.000000

0.000000
0.000000
0.165336
0.000000
0.000000
0.000000
0.000000
0.000000

0.000000
0.000000
0.000000
0.000000
0.000000
0.000000
0.000000
0.000000


0.023415
0.000000
0.000000
0.000000
0.000000
0.000000
0.000000
0.074145

0.031021
0.000000
0.000000
0.000000
0.136464
0.000000
0.000000
0.373849

0.017795
0.000000
0.000000
0.005370
0.161793
0.278908
0.084728
0.414332

0.029722
0.000000
0.096114
0.000000
0.000000
0.314114
0.172684
0.477314

0.000000
0.000000
0.000000
0.000000
0.000000
0.000000
0.000000
0.386789

0.000000
0.000000
0.000000
0.000000
0.005013
0.027625
0.000000
0.646319

0.000000
0.173168
0.000000
0.000000
0.534882
0.411775
0.456953
0.757764

0.079741
0.240547
0.000000
0.000000
0.426908
0.299130
0.419387
0.598825


0.000000
0.000000
0.000000
0.616808
0.063070
0.000000
0.000000
0.000000

0.000000
0.275943
0.000000
0.000000
0.000000
0.797544
0.003080
0.000000

0.036313
0.000000
0.000000
0.000000
0.000000
0.000000
0.000000
0.000000

0.000000
0.000000
0.000000
0.000000
0.000000
0.000000
0.000000
0.081257

0.000000
0.000000
0.000000
0.000000
0.190600
0.000000
0.000000
0.013685

0.000000
0.000000
0.000000
0.000000
0.000000
0.000000
0.000000
0.000000

0.000000
0.000000
0.358299
0.000000
0.000000
0.000000
0.000000
0.000000

0.000000
0.000000
0.000000
0.000000
0.000000
0.000000
0.000000
0.000000


0.000000
0.000000
0.000000
0.000000
0.000000
0.000000
0.000000
0.000000

0.000000
0.000000
0.052943
0.220962
0.055508
0.000000
0.000000
0.000000

0.000000
0.000000
0.000000
0.649437
0.769806
0.000000
0.145474
0.000000

0.000000
0.008214
0.000000
0.176597
0.891340
0.164300
0.143865
0.000000

0.000000
0.000000
0.000000
0.197000
0.568960
0.160242
0.000000
0.000000

0.000000
0.107923
0.000000
0.347480
0.792068
0.167845
0.015236
0.000000

0.000000
0.243679
0.000000
0.000000
0.281007
0.405214
0.297024
0.000000

0.000000
0.000000
0.000000
0.000000
0.000000
0.000000
0.000000
0.000000


0.000000
0.000000
0.000000
0.000000
0.000000
0.000000
0.000000
0.000000

0.000000
0.000000
0.000000
0.000000
0.000000
0.000000
0.000000
0.000000

0.000000
0.000000
0.386288
0.000000
0.000000
0.000000
0.000000
0.000000

0.000000
0.000000
1.115359
0.000000
0.000000
0.000000
0.000000
0.000000

0.000000
0.000000
0.984097
0.000000
0.098854
0.000000
0.000000
0.000000

0.000000
0.000000
1.217884
0.000000
0.083368
0.536320
0.121827
0.000000

0.000000
0.000000
0.739857
0.334604
0.000000
0.000000
0.000000
0.000000

0.000000
0.000000
0.000000
0.000000
0.000000
0.000000
0.000000
0.000000


0.000000
0.000000
0.000000
0.000000
0.000000
0.000000
0.000000
0.000000

0.000000
0.000000
0.000000
0.010427
0.046514
0.000000
0.000000
0.000000

0.000000
0.000000
0.000000
0.000000
0.142648
0.000000
0.000000
0.000000

0.000000
0.320331
0.000000
0.000000
0.000000
0.000000
0.000000
0.000000

0.000000
0.000000
0.000000
0.000000
0.000000
0.000000
0.000000
0.000000

0.000000
0.610642
0.376453
0.000000
1.101222
1.343808
0.770790
0.000000

0.000000
0.000000
0.000000
0.221194
0.013932
0.000000
0.010647
0.000000

0.000000
0.000000
0.000000
0.000000
0.000000
0.000000
0.000000
0.000000


0.045642
0.000000
0.000000
0.000000
0.000000
0.000000
0.041401
0.114926

0.064973
0.000000
0.000000
0.000000
0.000000
0.000000
0.059365
0.102410

0.005915
0.000000
0.000000
0.042360
0.000000
0.000000
0.000000
0.119058

0.000000
0.000000
0.000000
0.280858
0.000000
0.000000
0.000000
0.000000

0.000000
0.000000
0.000000
0.221767
0.000000
0.000000
0.000000
0.000000

0.000000
0.000000
0.000000
0.141312
0.000000
0.000000
0.000000
0.000000

0.000000
0.000000
0.000000
0.000000
0.000000
0.000000
0.000000
0.000000

0.000000
0.000000
0.000000
0.000000
0.000000
0.000000
0.000000
0.000000


0.000000
0.000000
0.000000
0.000000
0.000000
0.000000
0.093500
0.024867

0.000000
0.000000
0.100487
0.253367
0.025370
0.029937
0.190349
0.124501

0.000000
0.000000
0.196267
0.517562
0.670522
0.115841
0.305906
0.173441

0.000000
0.000000
0.000000
0.243148
0.555052
0.348578
0.274300
0.112162

0.000000
0.000000
0.261633
0.289612
0.497189
0.664445
0.251888
0.106513

0.000000
0.121899
0.315192
0.262617
0.897318
0.671233
0.030973
0.000000

0.000000
0.000000
0.000000
0.000000
0.189814
0.279178
0.270618
0.133792

0.000000
0.000000
0.000000
0.000000
0.000000
0.005643
0.089327
0.000000


0.237541
0.000000
0.000000
0.000000
0.000000
0.000000
0.006120
0.204954

0.147391
0.092529
0.119911
0.315113
0.313768
0.000000
0.000000
0.195358

0.288525
0.000000
0.000000
0.000000
0.000000
0.550010
0.199841
0.163563

0.097910
0.000000
0.000000
0.000000
0.000000
0.061789
0.225386
0.296869

0.000000
0.000000
0.000000
0.000000
0.000000
0.000000
0.000000
0.000000

0.000000
0.000000
0.000000
0.000000
0.000000
0.000000
0.000000
0.000000

0.000000
0.335117
0.000000
0.000000
0.179191
0.086487
0.181385
0.376670

0.114230
0.353223
0.233037
0.303112
0.269679
0.256653
0.285567
0.351702


0.030724
0.000000
0.000000
0.000000
0.000000
0.000000
0.015775
0.000000

0.283301
0.317942
0.045516
0.052247
0.000000
0.000000
0.175113
0.127205

0.066638
0.241699
0.000000
0.399448
0.299763
0.290484
0.305727
0.080411

0.000000
0.000000
0.000000
0.186557
0.626867
0.315000
0.325911
0.000000

0.000000
0.000000
0.000000
0.311711
0.000000
0.000000
0.000000
0.000000

0.000000
0.000000
0.000000
0.363858
0.000000
0.000000
0.000000
0.000000

0.000000
0.000000
0.000000
0.000000
0.000000
0.160090
0.008719
0.000000

0.000000
0.000000
0.000000
0.000000
0.000000
0.000000
0.000000
0.000000


0.000000
0.000000
0.000000
0.000000
0.085324
0.000000
0.000000
0.000000

0.000000
0.000000
0.000000
0.115948
0.179091
0.000000
0.000000
0.000000

0.000000
0.000000
0.000000
0.000000
0.519492
0.000000
0.000000
0.000000

0.000000
0.445614
0.000000
0.000000
0.228007
0.000000
0.000000
0.000000

0.000000
0.000000
0.000000
0.000000
0.000000
0.000000
0.000000
0.000000

0.000000
0.000000
0.000000
0.000000
0.362279
0.000000
0.000000
0.000000

0.000000
0.000000
0.158251
0.000000
0.000007
0.000000
0.000000
0.000000

0.000000
0.000000
0.000000
0.000000
0.000000
0.000000
0.000000
0.000000


0.026057
0.000000
0.000000
0.000000
0.000000
0.000000
0.000000
0.000000

0.116137
0.000000
0.000000
0.000000
0.000000
0.000000
0.000000
0.092243

0.038731
0.000000
0.000000
0.121199
0.000000
0.000000
0.000000
0.000000

0.170891
0.000000
0.000000
0.029541
0.092182
0.000000
0.000000
0.000000

0.078789
0.173537
0.000000
0.000000
0.000000
0.062399
0.075998
0.000000

0.000000
0.000000
0.000000
0.000000
0.000000
0.000000
0.000000
0.000000

0.000000
0.000000
0.000000
0.000000
0.000000
0.060980
0.000000
0.000000

0.000000
0.022739
0.000000
0.000000
0.061286
0.058909
0.065877
0.086554


0.000000
0.000000
0.000000
0.000000
0.000000
0.000000
0.000000
0.000000

0.000000
0.000000
0.000000
0.000000
0.000000
0.000000
0.000000
0.000000

0.000000
0.000000
0.000000
0.000000
0.000000
0.000000
0.000000
0.000000

0.000000
0.000000
0.000000
0.000000
0.000000
0.000000
0.000000
0.000000

0.000000
0.000000
0.000000
0.000000
0.000000
0.000000
0.000000
0.000000

0.000000
0.000000
0.000000
0.000000
0.000000
0.000000
0.000000
0.000000

0.000000
0.000000
0.000000
0.000000
0.000000
0.000000
0.000000
0.000000

0.000000
0.000000
0.000000
0.000000
0.000000
0.000000
0.000000
0.000000


0.000000
0.097836
0.134779
0.000000
0.000000
0.015293
0.043179
0.025186

0.019015
0.058118
0.000000
0.000000
0.000000
0.361688
0.541273
0.017463

0.000000
0.000000
0.291252
0.208718
0.000000
0.000000
0.264001
0.108754

0.000000
0.000000
0.000000
0.399015
0.000000
0.000000
0.000000
0.066624

0.000000
0.000000
0.000000
0.395114
0.000000
0.000000
0.000000
0.000000

0.000000
0.230182
0.000000
0.000000
0.000000
0.000000
0.000000
0.000000

0.000000
0.005659
0.000000
0.000000
0.000000
0.000000
0.000000
0.000000

0.000000
0.102945
0.000000
0.000000
0.000000
0.000000
0.000000
0.000000


0.000000
0.059126
0.000000
0.000000
0.000000
0.000000
0.114012
0.133909

0.000000
0.000000
0.138571
0.459581
0.159047
0.119824
0.000000
0.000000

0.000000
0.000000
0.046554
0.000000
0.039419
0.129177
0.012387
0.000000

0.000000
0.000000
0.000000
0.000000
0.000000
0.000000
0.021248
0.000000

0.000000
0.000000
0.000000
0.000000
0.000000
0.515527
0.151573
0.000000

0.000000
0.000000
0.000000
0.000000
0.326252
0.000000
0.000000
0.000000

0.000000
0.000000
0.000000
0.000000
0.000000
0.105765
0.020506
0.000000

0.000000
0.000000
0.000000
0.000000
0.000000
0.000000
0.000000
0.000000


0.258916
0.170933
0.207887
0.000000
0.000000
0.000000
0.000000
0.053450

0.455982
0.724535
0.183491
0.765119
0.603308
0.576793
0.000000
0.491787

0.533853
0.730383
0.000000
0.483666
0.934017
0.314683
0.110788
0.101903

0.000000
0.609768
0.000000
0.000000
1.128153
0.414840
0.448536
0.027601

0.000000
0.000000
0.000000
0.000000
0.000000
0.000000
0.000000
0.000000

0.000000
0.000000
0.000000
0.000000
0.000000
0.000000
0.000000
0.000000

0.000000
0.843841
0.000000
0.000000
0.456886
0.999355
0.765874
0.206653

0.000000
0.406561
0.076326
0.000000
0.383056
0.512635
0.398050
0.372678


0.000000
0.000000
0.000000
0.000000
0.000000
0.000000
0.000000
0.000000

0.000000
0.000000
0.000000
0.000000
0.000000
0.000000
0.090085
0.000000

0.000000
0.000000
0.230039
0.685565
0.137889
0.000000
0.106213
0.000000

0.000000
0.000000
0.249148
0.661634
0.383664
0.000000
0.000000
0.000000

0.000000
0.000000
0.763270
0.830407
0.397407
0.377076
0.031512
0.000000

0.000000
0.000000
0.028962
0.501971
0.243579
0.112046
0.000000
0.000000

0.000000
0.000000
0.000000
0.000000
0.000000
0.000000
0.000000
0.000000

0.000000
0.000000
0.000000
0.000000
0.000000
0.000000
0.000000
0.000000


0.381053
0.788302
0.568313
0.000000
0.164357
0.894429
0.363173
0.000000

0.121828
0.038497
0.000000
0.000000
0.000000
0.000000
0.000000
0.000000

0.036327
0.000000
0.000000
0.000000
0.000000
0.000000
0.000000
0.000000

0.000000
0.000000
0.000000
0.000000
0.000000
0.000000
0.000000
0.000000

0.434238
0.688687
0.000000
0.000000
0.000000
0.000000
0.000000
0.000000

0.294266
0.000000
0.000000
0.031740
0.000000
0.000000
0.000000
0.000000

0.204034
0.012983
0.000000
0.000000
0.000000
0.000000
0.000000
0.000000

0.116032
0.000000
0.000000
0.000000
0.000000
0.000000
0.000000
0.000000


0.000000
0.000000
0.000000
0.000000
0.000000
0.000000
0.000000
0.000000

0.000000
0.000000
0.000000
0.023791
0.335256
0.000000
0.000000
0.000000

0.000000
0.000000
0.000000
0.000000
0.322772
0.021138
0.045255
0.000000

0.000000
0.000000
0.000000
0.000000
0.000000
0.306625
0.183648
0.250266

0.000000
0.000000
0.000000
0.000000
0.078245
0.000000
0.000000
0.000000

0.000000
0.000000
0.000000
0.000000
0.128259
0.000000
0.000000
0.000000

0.000000
0.000000
0.000000
0.000000
0.143604
0.226431
0.207410
0.179239

0.000000
0.000000
0.000000
0.000000
0.000000
0.000000
0.000000
0.000000


0.190181
0.009754
0.026725
0.000000
0.000000
0.000000
0.055188
0.234837

0.000000
0.000000
0.019818
0.000000
0.000000
0.000000
0.000000
0.255401

0.000000
0.000000
0.000000
0.000000
0.000000
0.000000
0.000000
0.136412

0.000000
0.000000
0.000000
0.000000
0.000000
0.000000
0.000000
0.112358

0.000000
0.000000
0.000000
0.000000
0.000000
0.000000
0.000000
0.135792

0.000000
0.000000
0.000000
0.000000
0.000000
0.000000
0.000000
0.000000

0.000000
0.000000
0.000000
0.000000
0.053561
0.000000
0.000000
0.263659

0.000000
0.126026
0.000000
0.000000
0.180046
0.121167
0.213978
0.445236



