0.000000
0.000000
0.000000
0.000000
0.000000
0.000000
0.000000
0.000000

0.000000
0.000000
0.000000
0.000000
0.082969
0.226288
0.083445
0.047750

0.000000
0.085122
0.000000
0.000000
0.000000
0.000000
0.000000
0.090539

0.000000
0.114626
0.000000
0.000000
0.000000
0.000000
0.393985
0.188879

0.000000
0.288361
0.182866
0.000000
0.000000
0.000000
0.000000
0.098461

0.000000
0.412791
0.044920
0.000000
0.000000
0.000000
0.000000
0.127935

0.000000
0.290188
0.338238
0.000000
0.000000
0.000000
0.000000
0.099996

0.000000
0.000000
0.000000
0.000000
0.000000
0.000000
0.000000
0.000000


0.000000
0.000000
0.232675
0.444503
0.144454
0.089869
0.835307
0.000000

0.000000
0.000000
0.000000
0.000000
0.000000
0.000000
0.000000
0.000000

0.000000
0.000000
0.000000
0.022279
0.446295
0.000000
0.000000
0.000000

0.000000
0.000000
0.895320
0.771062
0.000000
0.000000
0.121870
0.000000

0.000000
0.000000
0.000000
0.448499
0.503456
0.000000
0.000000
0.000000

0.000000
0.000000
0.000000
0.000000
0.000000
0.000000
0.000000
0.000000

0.000000
0.000000
0.000000
0.552798
0.000000
0.761707
0.000000
0.000000

0.000000
0.000000
0.000000
0.000000
1.564361
0.449889
0.000000
0.000000


0.088868
0.000000
0.000000
0.000000
0.000000
0.000000
0.000000
0.000000

0.025982
0.000000
0.000000
0.000000
0.029295
0.000000
0.000000
0.000000

0.048840
0.000000
0.000000
0.501381
0.485177
0.618299
0.000000
0.000000

0.062423
0.000000
0.000000
0.317730
0.000000
0.235086
0.000000
0.000000

0.027627
0.000000
0.000000
0.475798
0.364002
0.333478
0.000000
0.000000

0.000000
0.000000
0.000000
0.267276
0.320219
0.401206
0.000000
0.000000

0.035694
0.000000
0.000000
0.000000
0.303785
0.040348
0.000000
0.000000

0.008721
0.000000
0.000000
0.000000
0.000000
0.000000
0.000000
0.000000


0.000000
0.000000
0.000000
0.000000
0.000000
0.000000
0.000000
0.000000

0.000000
0.362772
1.931709
2.536643
2.188904
1.130881
0.000000
0.000000

0.000000
0.000000
0.000000
0.682814
0.613788
0.000000
0.000000
0.000000

0.000000
0.000000
0.000000
0.130397
0.820777
0.722890
0.000000
0.000000

0.000000
0.000000
0.000000
0.253174
0.525084
0.068382
0.000000
0.000000

0.000000
0.000000
0.000000
0.206831
0.376935
0.188438
0.000000
0.000000

0.000000
0.000000
0.000000
0.000000
0.793229
0.386526
0.000000
0.000000

0.000000
0.000000
0.192155
0.000000
0.000000
0.000000
0.000000
0.154073


0.000000
0.000000
0.000000
0.000000
0.000000
0.000000
0.000000
0.000000

0.372925
0.185669
0.000000
0.312321
0.543920
0.656322
0.000000
0.000000

0.370010
0.378819
0.000000
0.000000
0.145237
0.686284
0.000000
0.000000

0.413034
0.430522
0.000000
0.000000
0.000962
0.425039
0.482679
0.000000

0.387818
0.361445
0.000000
0.000000
0.000000
0.000000
0.000000
0.000000

0.370974
0.453386
0.201565
0.000000
0.054076
0.199921
0.000000
0.000000

0.405997
0.464349
0.649603
0.000000
0.000000
0.000000
0.000000
0.000000

0.231055
0.316816
0.323883
0.000000
0.000000
0.000000
0.011153
0.000000


0.000000
0.232759
0.000000
0.000000
0.000000
0.000000
0.134324
0.165307

0.000000
0.000000
0.000000
0.000000
0.000000
0.000000
0.000000
0.000000

0.000000
0.000000
0.661582
0.861645
0.973993
0.000000
0.000000
0.000000

0.000000
0.000000
0.000000
0.332065
0.000000
0.000000
0.000000
0.000000

0.000000
0.000000
0.000000
0.768508
0.588514
0.195814
0.000000
0.000000

0.000000
0.000000
0.000000
0.991725
0.110370
0.000000
0.000000
0.000000

0.000000
0.000000
0.000000
0.000000
0.479804
0.566802
0.000000
0.000000

0.000000
0.000000
0.000000
0.000000
0.331584
0.000000
0.000000
0.000000


0.000000
0.000000
0.000000
0.000000
0.000000
0.367764
0.000000
0.000000

0.000000
0.000000
0.181069
0.000000
0.000000
0.000000
0.000000
0.000000

0.000000
0.000000
0.230064
0.000000
0.000000
0.000000
0.000000
0.000000

0.000000
0.000000
1.134073
0.057699
0.000000
0.000000
0.000000
0.000000

0.000000
0.000000
0.638073
0.009915
0.000000
0.000000
0.000000
0.000000

0.000000
0.000000
0.000000
0.000000
0.000000
0.000000
0.000000
0.000000

0.000000
0.000000
0.000000
0.126457
0.000000
0.000000
0.000000
0.000000

0.000000
0.000000
0.000000
0.388745
0.251993
0.077909
0.000000
0.000000


0.298043
0.000000
0.000000
0.000000
0.000000
0.000000
0.000000
0.142468

0.142954
0.000000
0.000000
0.000000
0.000000
0.000000
0.000000
0.000000

0.129051
0.000000
0.000000
0.597050
0.127964
0.000000
0.000000
0.000000

0.108213
0.000000
0.000000
0.000000
0.354837
0.000000
0.000000
0.000000

0.091408
0.000000
0.000000
0.019918
0.171487
0.000000
0.000000
0.000000

0.072072
0.000000
0.000000
0.000000
0.215463
0.000000
0.000000
0.000000

0.108186
0.000000
0.000000
0.000000
0.216957
0.000000
0.000000
0.000000

0.384634
0.000000
0.000000
0.000000
0.000000
0.009104
0.062550
0.089311


0.000000
0.000000
0.000000
0.000000
0.000000
0.000000
0.000000
0.000000

0.000000
0.000000
0.027312
0.446201
0.617469
0.483039
0.000000
0.000000

0.000000
0.000000
0.000000
0.793791
1.121475
0.000000
0.000000
0.000000

0.000000
0.000000
0.000000
0.282286
0.318647
0.239665
0.000000
0.000000

0.000000
0.000000
0.000000
0.376341
0.726286
0.620078
0.000000
0.000000

0.000000
0.000000
0.000000
0.000000
0.661962
0.000000
0.000000
0.000000

0.000000
0.000000
0.000000
0.000000
0.445715
0.292832
0.000000
0.000000

0.000000
0.000000
0.000000
0.000000
0.000000
0.000000
0.000000
0.000000


0.000000
0.000000
0.000000
0.000000
0.000000
0.000000
0.000000
0.000000

0.000000
0.000000
0.000000
0.000000
0.000000
0.000000
0.000000
0.000000

0.000000
0.000000
0.000000
0.000000
0.000000
0.000000
0.000000
0.000000

0.000000
0.000000
0.000000
0.000000
0.000000
0.000000
0.000000
0.000000

0.000000
0.000000
0.000000
0.000000
0.000000
0.000000
0.000000
0.000000

0.000000
0.000000
0.000000
0.000000
0.000000
0.000000
0.000000
0.000000

0.000000
0.000000
0.000000
0.000000
0.000000
0.000000
0.000000
0.000000

0.000000
0.000000
0.000000
0.000000
0.000000
0.000000
0.000000
0.000000


0.200149
0.000000
0.000000
0.000000
0.000000
0.000000
0.000000
0.010080

0.185190
0.000000
0.000000
0.000000
0.000000
0.000000
0.000000
0.000000

0.196813
0.000000
0.000000
0.148867
0.019406
0.020484
0.000000
0.000000

0.195442
0.000000
0.000000
0.072175
0.123195
0.000000
0.000000
0.000000

0.181843
0.000000
0.000000
0.000000
0.076710
0.000000
0.000000
0.000000

0.151391
0.000000
0.000000
0.000000
0.133709
0.044241
0.000000
0.000000

0.190403
0.043522
0.000000
0.000000
0.058684
0.000000
0.000000
0.000000

0.254243
0.122304
0.000000
0.000000
0.000000
0.000000
0.000000
0.000000


0.000000
0.060691
0.000000
0.153503
0.119383
0.000000
0.000000
0.000000

0.000000
0.708714
0.000000
0.000000
0.000000
0.407442
0.384299
0.009337

0.000000
0.000000
0.000000
0.000000
0.000000
0.000000
0.316141
0.000000

0.000000
0.000000
0.000000
0.000000
0.000000
0.000000
0.081025
0.000000

0.000000
0.000000
0.000000
0.000000
0.000000
0.000000
0.000000
0.149907

0.000000
0.072009
0.088043
0.000000
0.000000
0.000000
0.000000
0.000000

0.000000
0.036897
0.000000
0.000000
0.000000
0.000000
0.000000
0.000000

0.000000
0.000000
0.135850
0.000000
0.000000
0.000000
0.000000
0.000000


0.000000
0.000000
0.000000
0.000000
0.000000
0.000000
0.000000
0.000000

0.000000
0.000000
0.000000
0.000000
0.000000
0.000000
0.000000
0.000000

0.000000
0.000000
0.000000
0.000000
0.000000
0.000000
0.000000
0.000000

0.000000
0.000000
0.539415
0.000000
0.000000
0.000000
0.000000
0.000000

0.000000
0.000000
0.193565
0.000000
0.000000
0.000000
0.000000
0.000000

0.000000
0.000000
0.220863
0.000000
0.000000
0.000000
0.000000
0.000000

0.000000
0.000000
0.000000
0.000000
0.000000
0.000000
0.000000
0.000000

0.000000
0.000000
0.000000
0.000000
0.040404
0.000000
0.000000
0.000000


0.022644
0.000000
0.000000
0.000000
0.000000
0.000000
0.000000
0.449262

0.000000
0.000000
0.000000
0.000000
0.000000
0.000000
0.000000
0.301482

0.000000
0.000000
0.415243
0.000000
0.000000
0.000000
0.000000
0.369484

0.000000
0.000000
0.000000
0.000000
0.000000
0.000000
0.000000
0.429668

0.000000
0.000000
0.000000
0.000000
0.000000
0.000000
0.000000
0.448435

0.000000
0.000000
0.000000
0.075007
0.000000
0.000000
0.000000
0.477553

0.000000
0.000000
0.000000
0.000000
0.000000
0.000000
0.000000
0.303075

0.000000
0.000000
0.000000
0.000000
0.000000
0.000000
0.000000
0.278960


0.000000
0.470204
0.243960
0.284555
0.496218
0.484437
0.217125
0.000000

0.000000
0.000000
0.000000
0.000000
0.000000
0.000000
0.000000
0.000000

0.000000
0.000000
0.000000
0.000000
0.000000
0.000000
0.000000
0.000000

0.000000
0.000000
0.521174
0.000000
0.000000
0.000000
0.000000
0.000000

0.000000
0.000000
0.000000
0.000000
0.000000
0.000000
0.000000
0.000000

0.000000
0.000000
0.000000
0.000000
0.000000
0.000000
0.000000
0.000000

0.000000
0.000000
0.000000
0.000000
0.000000
0.000000
0.000000
0.000000

0.000000
0.000000
0.000000
0.000000
0.984533
0.000000
0.000000
0.000000


0.000000
0.000000
0.000000
0.000000
0.000000
0.000000
0.000000
0.000000

0.005013
0.000000
0.000000
0.000000
0.000000
0.000000
0.000000
0.000000

0.026772
0.183561
0.000000
0.000000
0.140207
0.751131
0.000000
0.000000

0.055133
0.054657
0.000000
0.000000
0.000000
0.036282
0.000000
0.000000

0.009571
0.000000
0.000000
0.100707
0.012754
0.020600
0.000000
0.000000

0.000000
0.000000
0.296448
0.138491
0.088336
0.242842
0.000000
0.000000

0.016185
0.000000
0.134389
0.000000
0.000000
0.000000
0.188438
0.000000

0.000000
0.000000
0.000000
0.000000
0.000000
0.000000
0.000000
0.000000


0.000000
0.000000
0.000000
0.061055
0.000000
0.000000
0.228371
0.000000

0.000000
0.167711
0.000000
0.000000
0.000000
0.000000
0.035326
0.000000

0.000000
0.092572
1.167965
0.000000
0.000000
0.000000
0.000000
0.056374

0.000000
0.000000
2.389595
0.251233
0.000000
0.000000
0.000000
0.000000

0.000000
0.000000
3.716224
0.000000
0.036891
0.000000
0.000000
0.000000

0.000000
0.000000
2.386703
0.089607
0.000000
0.000000
0.000000
0.000000

0.000000
0.000000
0.000000
2.864461
0.000000
0.000000
0.000000
0.099482

0.000000
0.000000
0.000000
1.008311
0.000000
0.000000
0.000000
0.000000


0.030734
0.000000
0.000000
0.000000
0.000000
0.000000
0.216788
0.000000

0.173432
0.402765
0.000000
0.000000
0.000000
0.000000
0.445088
0.000000

0.174033
1.580849
0.000000
0.000000
0.000000
0.000000
0.645256
0.000000

0.150766
0.816226
0.000000
0.000000
0.000000
0.000000
0.112020
0.000000

0.159729
0.701021
0.544971
0.000000
0.000000
0.000000
0.712453
0.000000

0.084826
0.172753
1.648487
0.000000
0.000000
0.000000
0.983829
0.000000

0.094243
0.159409
1.143606
0.403456
0.000000
0.000000
1.154523
0.175927

0.000000
0.000000
0.000000
0.000000
0.090550
0.528585
0.000000
0.000000


0.000000
0.000000
0.000000
0.000000
0.000000
0.000000
0.000000
0.000000

0.000000
0.000000
0.000000
0.301105
0.136329
0.000000
0.000000
0.000000

0.000000
0.000000
0.000000
0.933279
0.791927
0.034176
0.000000
0.000000

0.000000
0.000000
0.000000
0.833437
0.766288
0.229084
0.000000
0.000000

0.000000
0.000000
0.000000
0.649212
0.748190
0.448606
0.000000
0.000000

0.000000
0.000000
0.000000
0.477363
0.745977
0.438637
0.000000
0.000000

0.000000
0.000000
0.000000
0.000000
0.670310
0.158975
0.000000
0.000000

0.000000
0.000000
0.000000
0.000000
0.309424
0.000000
0.000000
0.000000


0.000000
0.000000
0.000000
0.000000
0.000000
0.000000
0.000000
0.000000

0.000000
0.000000
0.000000
0.091621
0.219807
0.000000
0.000000
0.000000

0.000000
0.445084
0.924624
0.716272
0.598579
0.526963
0.000000
0.000000

0.000000
0.059616
0.544024
0.961384
0.949706
0.388433
0.000000
0.000000

0.000000
0.000000
0.173652
0.567458
0.601839
0.113566
0.000000
0.000000

0.000000
0.000000
0.861374
1.189443
0.702201
0.574778
0.000000
0.000000

0.000000
0.124677
0.377467
1.251608
0.597608
0.034457
0.000000
0.000000

0.000000
0.092370
0.000000
0.124098
0.000000
0.000000
0.000000
0.000000


0.061546
0.000000
0.000000
0.000000
0.000000
0.000000
0.000000
0.069293

0.000000
0.000000
0.000000
0.169040
0.047881
0.386437
0.000000
0.000000

0.000000
0.000000
0.000000
0.000000
0.000000
0.000000
0.000000
0.000000

0.000000
0.000000
0.000000
0.000000
0.000000
0.000000
0.000000
0.000000

0.000000
0.000000
0.000000
0.000000
0.000000
0.000000
0.000000
0.000000

0.000000
0.000000
0.000000
0.000000
0.000000
0.000000
0.000000
0.000000

0.000969
0.000000
0.000000
0.000000
0.000000
0.000000
0.000000
0.000000

0.181465
0.000000
0.000000
0.000000
0.000000
0.000000
0.000000
0.000000


0.028285
0.000000
0.000000
0.000000
0.000000
0.000000
0.000000
0.000000

0.030572
0.000000
0.000000
0.000000
0.062862
0.267566
0.000000
0.000000

0.060700
0.000000
0.000000
0.214820
0.530236
0.586263
0.000000
0.000000

0.074027
0.000000
0.000000
0.147543
0.080231
0.000000
0.038964
0.000000

0.059231
0.000000
0.000000
0.226708
0.276232
0.423044
0.000000
0.000000

0.039201
0.000000
0.000000
0.000000
0.418716
0.208783
0.000000
0.000000

0.067830
0.000000
0.000000
0.000000
0.218166
0.000000
0.000000
0.000000

0.000000
0.000000
0.000000
0.000000
0.000000
0.000000
0.000000
0.000000


0.090214
0.422890
0.000000
0.168563
0.000000
0.000000
0.718986
0.000000

0.476055
1.716267
0.000000
0.000000
0.000000
0.259480
0.950804
0.000000

0.437488
1.711804
0.000000
0.000000
0.000000
0.000000
0.320658
0.185360

0.453353
1.202551
0.000000
0.000000
0.000000
0.000000
0.342867
0.015876

0.449256
0.687832
0.000000
0.000000
0.000000
0.000000
0.696629
0.000000

0.418532
0.226705
1.289930
0.000000
0.000000
0.000000
1.081336
0.000000

0.407005
0.205693
1.731660
0.000000
0.000000
0.000000
0.765111
0.049134

0.000000
0.000000
0.243731
0.000000
0.000000
0.000000
0.000000
0.000000


0.000000
0.000000
0.000000
0.000000
0.000000
0.000000
0.000000
0.000000

0.000000
0.000000
0.000000
0.387380
0.494279
0.000000
0.000000
0.000000

0.000000
0.000000
0.000000
0.572205
0.645992
0.000000
0.000000
0.000000

0.000000
0.000000
0.000000
0.037460
0.070428
0.316412
0.000000
0.000000

0.000000
0.000000
0.000000
0.375256
0.441684
0.094579
0.000000
0.000000

0.000000
0.000000
0.000000
0.000000
0.403852
0.107521
0.000000
0.000000

0.000000
0.000000
0.000000
0.000000
0.429240
0.309965
0.000000
0.000000

0.005341
0.000000
0.000000
0.000000
0.000000
0.000000
0.000000
0.000000


0.000000
0.000000
0.000000
0.000000
0.000000
0.000000
0.058988
0.000000

0.000000
0.000000
0.000000
0.000000
0.000000
0.000000
0.411665
0.000000

0.000000
0.000000
0.000000
0.000000
0.000000
0.000000
0.089270
0.000000

0.000000
0.000000
0.000000
0.000000
0.000000
0.000000
0.000000
0.000000

0.000000
0.000000
0.000000
0.000000
0.000000
0.000000
0.000000
0.000000

0.000000
0.000000
0.000000
0.000000
0.000000
0.000000
0.050677
0.000000

0.000000
0.000000
0.110636
0.000000
0.000000
0.000000
0.124336
0.000000

0.000000
0.000000
0.000000
0.000000
0.000000
0.000000
0.000000
0.000000


0.000000
0.000000
0.000000
0.066983
0.000000
0.000000
0.000000
0.000000

0.000000
0.000000
0.000000
0.000000
0.000000
0.000000
0.000000
0.000000

0.000000
0.000000
0.000000
0.000000
0.211302
0.000000
0.000000
0.000000

0.000000
0.000000
0.000000
0.373035
0.347792
0.228786
0.000000
0.000000

0.000000
0.000000
0.000000
0.000000
0.184638
0.000000
0.000000
0.000000

0.000000
0.000000
0.000000
0.000000
0.160249
0.000000
0.000000
0.000000

0.000000
0.000000
0.000000
0.000000
0.001376
0.000000
0.000000
0.000000

0.000000
0.000000
0.000000
0.002379
0.681831
0.107164
0.000000
0.000000


0.000000
0.000000
0.000000
0.000000
0.000000
0.000000
0.000000
0.000000

0.146327
0.907253
0.011938
0.543900
0.459471
0.000000
0.000000
0.000000

0.123498
0.968163
0.000000
0.000000
0.000000
0.000000
0.180115
0.000000

0.174303
0.836897
0.000000
0.000000
0.197526
0.146701
0.000000
0.000000

0.122505
0.505667
0.000000
0.000000
0.000000
0.000000
0.000000
0.000000

0.117046
0.447137
1.001315
0.000000
0.000000
0.000000
0.000000
0.000000

0.174444
0.485412
1.241647
0.000000
0.000000
0.002829
0.000000
0.000000

0.265491
0.428394
0.663977
0.000000
0.000000
0.000000
0.738148
0.014964


0.228631
0.000000
0.000000
0.000000
0.000000
0.000000
0.000000
0.000000

0.903913
0.329254
0.000000
0.064675
0.419918
1.476247
0.000000
0.000000

0.897247
0.000000
0.000000
0.000000
0.000000
0.998601
0.000000
0.000000

0.927265
0.639140
0.000000
0.000000
0.000000
0.183602
0.082225
0.000000

0.919187
0.931679
0.000000
0.000000
0.000000
0.000000
0.000000
0.001170

0.935022
0.658929
0.000000
0.000000
0.000000
0.000000
0.000000
0.000000

0.926382
0.430064
0.830491
0.000000
0.000000
0.000000
0.000000
0.000000

0.848611
0.528767
0.521147
0.000000
0.000000
0.000000
0.154595
0.025416


0.000000
0.000000
0.000000
0.000000
0.000000
0.000000
0.000000
0.000000

0.000000
0.000000
0.328253
0.524357
0.704083
0.319040
0.000000
0.000000

0.000000
0.000000
1.142443
1.199775
1.453080
0.511479
0.000000
0.000000

0.000000
0.000000
0.942899
1.211074
1.123888
0.784757
0.309043
0.000000

0.000000
0.000000
0.721794
1.206941
1.087977
0.681840
0.000000
0.000000

0.000000
0.000000
0.427191
1.405431
1.120062
0.695674
0.000000
0.000000

0.000000
0.000000
0.000000
1.342698
1.081364
0.871165
0.000000
0.000000

0.000000
0.000000
0.000000
0.261267
0.213789
0.000000
0.000000
0.000000


0.000000
0.000000
0.284052
0.545904
0.203594
0.891479
0.000000
0.000000

0.000000
0.000000
0.000000
0.000000
0.000000
0.000000
0.000000
0.000000

0.000000
0.000000
0.000000
0.000000
1.015478
0.000000
0.000000
0.000000

0.000000
0.000000
0.000000
0.000000
0.000000
0.000000
0.000000
0.000000

0.000000
0.000000
0.000000
0.000000
0.000000
0.105304
0.000000
0.000000

0.000000
0.000000
0.000000
0.000000
0.000000
0.000000
0.000000
0.000000

0.000000
0.000000
0.000000
0.000000
0.000000
1.257150
0.096027
0.000000

0.000000
0.000000
0.000000
0.000000
0.000000
0.000000
0.000000
0.000000


0.000000
0.000000
0.000000
0.000000
0.000000
0.000000
0.000000
0.441171

0.328182
0.104839
0.000000
0.000000
0.000000
0.000000
0.019747
0.933835

0.316161
0.618280
0.000000
0.000000
0.000000
0.000000
0.072878
0.945095

0.328263
0.403215
0.000000
0.000000
0.000000
0.000000
0.000000
1.088126

0.311527
0.484561
0.000000
0.000000
0.000000
0.000000
0.105169
0.947894

0.263924
0.835625
0.774866
0.000000
0.000000
0.000000
0.000000
0.958726

0.320921
0.937036
0.772509
0.020520
0.000000
0.000000
0.000000
0.932413

0.181132
0.503033
0.379888
0.000000
0.000000
0.000000
0.512466
0.381311


0.105282
0.000000
0.000000
0.000000
0.000000
0.000000
0.000000
0.279457

0.000000
0.000000
0.000000
0.000000
0.000000
0.000000
0.000000
0.089546

0.000000
0.000000
0.000000
0.000000
0.000000
0.000000
0.000000
0.053742

0.000000
0.000000
0.000000
0.000000
0.000000
0.000000
0.000000
0.053025

0.000000
0.000000
0.000000
0.000000
0.000000
0.000000
0.000000
0.147782

0.000000
0.000000
0.000000
0.000000
0.000000
0.000000
0.000000
0.122943

0.000000
0.000000
0.000000
0.000000
0.000000
0.000000
0.000000
0.000000

0.045437
0.000000
0.000000
0.000000
0.000000
0.000000
0.000000
0.156688



